0.60,02/04/20,Groceries,8.00
0.60,02/04/20,Groceries,8.60
-4.00,02/04/20,Groceries,4.60
-0.55,02/04/20,Groceries,4.05
-4.00,02/04/20,Groceries,0.05
-4.00,02/04/20,Groceries,-3.95
-2.00,02/04/20,Groceries,-5.95
-5.00,02/04/20,Groceries,-10.95
-5.00,02/04/20,Groceries,-15.95
-5.00,02/04/20,Groceries,-20.95
-3.00,02/04/20,Groceries,-23.95
